Nstrata.rel <-
22L
Nstrata.cap <-
28L
Extra.strata.cap <-
2
Delta.max <-
7
n1 <-
c(25, 75, 97, 127, 194, 200, 216, 215, 205, 202, 222, 158, 1, 
1, 161, 198, 61, 66, 31, 11, 12, 5)
m2 <-
structure(c(0, 0, 0, 0, 0, 2, 8, 1, 11, 3, 7, 0, 0, 0, 0, 3, 
0, 0, 0, 0, 0, 0, 0, 2, 0, 2, 6, 22, 12, 26, 13, 23, 1, 0, 0, 
0, 12, 12, 0, 1, 0, 0, 0, 0, 1, 2, 1, 5, 2, 4, 4, 2, 11, 2, 1, 
0, 0, 0, 6, 1, 1, 4, 3, 0, 0, 0, 0, 2, 4, 0, 1, 1, 1, 0, 0, 0, 
0, 0, 0, 0, 2, 0, 0, 1, 0, 0, 0, 0, 0, 2, 1, 0, 0, 0, 1, 1, 0, 
0, 0, 0, 0, 0, 0, 0, 0, 0, 0, 0, 0, 0, 1, 1, 0, 1, 0, 0, 0, 0, 
0, 0, 0, 0, 0, 0, 0, 0, 0, 0, 0, 0, 0, 0, 0, 0, 0, 0, 0, 0, 0, 
0, 0, 0, 0, 0, 0, 0, 0, 1, 0, 0, 0, 0, 0, 0, 0, 0, 1, 0, 0, 0, 
0, 1, 0, 0, 0, 0, 0, 0, 0, 0, 0, 0, 0, 0, 0, 0, 23, 66, 90, 119, 
185, 171, 190, 184, 170, 174, 213, 158, 1, 1, 141, 181, 60, 60, 
28, 11, 12, 5), .Dim = c(22L, 9L), .Dimnames = list(NULL, c("X0", 
"X1", "X2", "X3", "X4", "X5", "X6", "X7", "")))
u2 <-
c(0L, 133L, 158L, 128L, 197L, 522L, 859L, 427L, 849L, 488L, 1080L, 
350L, 0L, 0L, 58L, 336L, 118L, 72L, 34L, 26L, 21L, 16L, 22L, 
22L, 1L, 1L, 5L, 3L)
u2copy <-
c(0, 133, 158, 128, 197, 522, 859, 427, 849, 488, 1080, 350, 
0, 0, 58, 336, 118, 72, 34, 26, 21, 16, 22, 22, 1, 1, 5, 3)
logitP <-
c(NA, NA, NA, NA, NA, NA, NA, NA, NA, NA, NA, NA, -10, -10, NA, 
NA, NA, NA, NA, NA, NA, NA, NA, NA, NA, NA, NA, NA, -10, -10)
Nfree.logitP <-
26L
free.logitP.index <-
c(1L, 2L, 3L, 4L, 5L, 6L, 7L, 8L, 9L, 10L, 11L, 12L, 15L, 16L, 
17L, 18L, 19L, 20L, 21L, 22L, 23L, 24L, 25L, 26L, 27L, 28L)
logitP.cov <-
structure(c(1, 1, 1, 1, 1, 1, 1, 1, 1, 1, 1, 1, 1, 1, 1, 1, 1, 
1, 1, 1, 1, 1, 1, 1, 1, 1, 1, 1), .Dim = c(28L, 1L))
NlogitP.cov <-
1L
SplineDesign <-
structure(c(0.512, 0.216, 0.064, 0.00800000000000001, 0, 0, 0, 
0, 0, 0, 0, 0, 0, 0, 0, 0, 0, 0, 0, 0, 0, 0, 0, 0, 0, 0, 0, 0, 
0.428246913580247, 0.572641975308642, 0.522666666666667, 0.367802469135803, 
0.197530864197531, 0.0833333333333334, 0.0246913580246914, 0.00308641975308642, 
0, 0, 0, 0, 0, 0, 0, 0, 0, 0, 0, 0, 0, 0, 0, 0, 0, 0, 0, 0, 0.0580436847103514, 
0.197682811016144, 0.367179487179487, 0.514795821462488, 0.588793922127256, 
0.553685897435897, 0.438983855650522, 0.290449905033238, 0.153846153846154, 
0.0649038461538461, 0.0192307692307693, 0.00240384615384616, 
0, 0, 0, 0, 0, 0, 0, 0, 0, 0, 0, 0, 0, 0, 0, 0, 0.00170940170940171, 
0.0136752136752137, 0.0461538461538461, 0.109401709401709, 0.213675213675214, 
0.360376602564102, 0.515491452991453, 0.636151175213675, 0.67948717948718, 
0.61738782051282, 0.480769230769231, 0.315304487179487, 0.166666666666667, 
0.0703124999999999, 0.0208333333333333, 0.00260416666666666, 
0, 0, 0, 0, 0, 0, 0, 0, 0, 0, 0, 0, 0, 0, 0, 0, 0, 0.00260416666666666, 
0.0208333333333333, 0.0703125, 0.166666666666667, 0.315104166666667, 
0.479166666666667, 0.611979166666667, 0.666666666666667, 0.611979166666667, 
0.479166666666666, 0.315104166666667, 0.166666666666667, 0.0703124999999999, 
0.0208333333333334, 0.00260416666666666, 0, 0, 0, 0, 0, 0, 0, 
0, 0, 0, 0, 0, 0, 0, 0, 0, 0, 0.00260416666666667, 0.0208333333333333, 
0.0703125, 0.166666666666667, 0.315104166666667, 0.479166666666667, 
0.611979166666667, 0.666666666666667, 0.611979166666666, 0.479166666666667, 
0.315104166666666, 0.166666666666667, 0.0703125, 0.0208333333333333, 
0.00260416666666666, 0, 0, 0, 0, 0, 0, 0, 0, 0, 0, 0, 0, 0, 0, 
0, 0, 0, 0.00260416666666667, 0.0208333333333334, 0.0703125, 
0.166666666666667, 0.315104166666667, 0.479166666666667, 0.611979166666667, 
0.666666666666667, 0.611979166666667, 0.479166666666666, 0.315104166666667, 
0.166666666666667, 0.0703124999999999, 0.0208333333333333, 0.00260416666666666, 
0, 0, 0, 0, 0, 0, 0, 0, 0, 0, 0, 0, 0, 0, 0, 0, 0, 0.00260416666666668, 
0.0208333333333333, 0.0703125000000002, 0.166666666666667, 0.313802083333333, 
0.46875, 0.576822916666667, 0.583333333333333, 0.45703125, 0.260416666666667, 
0.0794270833333331, 0, 0, 0, 0, 0, 0, 0, 0, 0, 0, 0, 0, 0, 0, 
0, 0, 0, 0, 0, 0, 0, 0.00390624999999999, 0.03125, 0.10546875, 
0.25, 0.45703125, 0.59375, 0.49609375, 0, 0, 0, 0, 0, 0, 0, 0, 
0, 0, 0, 0, 0, 0, 0, 0, 0, 0, 0, 0, 0, 0, 0, 0, 0, 0.0156250000000001, 
0.125, 0.421875000000001), .Dim = c(28L, 10L), .Dimnames = list(
    NULL, c("1", "2", "3", "4", "5", "6", "7", "8", "9", "10"
    )))
b.flat <-
1:2
n.b.flat <-
2L
b.notflat <-
3:10
n.b.notflat <-
8L
n.bU <-
10L
mean.muTT <-
c(0, 0, 0, 0, 0, 0, 0)
tau.muTT <-
c(0.666, 0.666, 0.666, 0.666, 0.666, 0.666, 0.666)
tauTT.alpha <-
0.1
tauTT.beta <-
0.1
tauU.alpha <-
1
tauU.beta <-
0.05
taueU.alpha <-
1
taueU.beta <-
0.05
mu_xiP <-
-2
tau_xiP <-
0.6666
tauP.alpha <-
0.001
tauP.beta <-
0.001
