muTT <-
c(-2.90762649537391, -1.17902084946998, 0.00886032245290033, 
-1.06713701001604, -1.13666197564519, -0.473690389414311, -0.0935675534774512
)
tauTT <-
0.52304343329978
r <-
structure(c(-4.66343909411207, -4.63472898822964, -4.64439089914137, 
-4.65396035015752, -4.65396035015752, -2.71336936257981, -1.20821379858319, 
-3.46354600672669, -1.20624295286048, -2.28238238567653, -0.300104592450338, 
-2.07944154167984, -2.07944154167984, -2.07944154167984, -4.65396035015752, 
-1.77382176854139, -4.66343909411207, -4.65396035015752, -4.66343909411207, 
-2.07944154167984, -2.07944154167984, -2.07944154167984, -4.65396035015752, 
-1.52388002407245, -4.63472898822964, -1.42551507427317, -0.444685821261446, 
-0.246860077931526, -0.447885823992116, -0.173630048675496, -0.683485269648208, 
-0.137869794223121, -0.896088024556636, -1.94591014905531, -1.94591014905531, 
-1.94591014905531, -0.550046336919272, -0.201579373398369, -4.65396035015752, 
-1.83098018238134, -4.65396035015752, -1.94591014905531, -1.94591014905531, 
-1.94591014905531, -0.732367893713227, -1.27815220250019, -1.96571277635149, 
-0.234281295724666, -0.518793793415168, -0.431782416425538, -0.527682740832414, 
-0.902191807494654, -0.147635998806064, -0.530628251062171, -0.371563556432483, 
-1.79175946922805, -1.79175946922805, -1.79175946922805, -0.382992252256106, 
-0.985816794522765, -0.0492710490067828, -0.27002713721306, -0.0492710490067828, 
-1.79175946922805, -1.79175946922805, -1.79175946922805, -3.98898404656427, 
-0.951657875711447, -0.428530381039161, -2.80336038090653, -0.307484699747961, 
-0.770108221696075, -1.02245092770255, -2.24618540453192, -1.6094379124341, 
-1.6094379124341, -1.6094379124341, -1.6094379124341, -1.6094379124341, 
-1.6094379124341, -0.336472236621214, -2.29075063534704, -1.6094379124341, 
-0.215111379616946, -1.6094379124341, -1.6094379124341, -1.6094379124341, 
-1.6094379124341, -3.97029191355212, -0.46373401623214, -0.76080582903376, 
-2.7408400239252, -1.38629436111989, -1.38629436111989, -0.576613364303994, 
-0.963174317773006, -1.38629436111989, -1.38629436111989, -1.38629436111989, 
-1.38629436111989, -1.38629436111989, -1.38629436111989, -1.38629436111989, 
-2.18406649275871, -1.38629436111989, -1.38629436111989, -1.38629436111989, 
-1.38629436111989, -1.38629436111989, -1.38629436111989, -0.0392207131532814, 
-0.165514438477574, -2.79028829933918, -0.148420005118274, -1.09861228866811, 
-1.09861228866811, -1.09861228866811, -1.65360913074724, -1.09861228866811, 
-1.09861228866811, -1.09861228866811, -1.09861228866811, -1.09861228866811, 
-1.09861228866811, -1.09861228866811, -2.06462645589469, -1.09861228866811, 
-1.09861228866811, -1.09861228866811, -1.09861228866811, -1.09861228866811, 
-1.09861228866811, -0.693147180559951, -0.693147180559951, -2.72691868540659, 
-0.693147180559948, -0.693147180559948, -0.693147180559947, -0.693147180559945, 
-1.441210118716, -0.693147180559948, -0.693147180559948, -0.693147180559948, 
-0.693147180559945, -0.693147180559945, -0.693147180559945, -0.693147180559948, 
-0.157003748809665, -0.693147180559951, -0.693147180559948, -0.693147180559951, 
-0.693147180559945, -0.693147180559945, -0.693147180559945), .Dim = c(22L, 
7L))
beta.logitP <-
c(-3.6552050950129, 0)
tauP <-
1.99409090531672
bU <-
c(`SplineDesign[tmp1, ]1` = -4.9780471025692, `SplineDesign[tmp1, ]2` = 9.90017922871189, 
`SplineDesign[tmp1, ]3` = 8.95171442911042, `SplineDesign[tmp1, ]4` = 11.0163394700991, 
`SplineDesign[tmp1, ]5` = 9.65491025488581, `SplineDesign[tmp1, ]6` = 9.06164774213159, 
`SplineDesign[tmp1, ]7` = 7.38033049058759, `SplineDesign[tmp1, ]8` = 5.24157306824366, 
`SplineDesign[tmp1, ]9` = 3.04041939714743, `SplineDesign[tmp1, ]10` = 5.77107083318537
)
tauU <-
0.0250747718106672
taueU <-
3.1017229029032
etaU <-
c(1.94591014905531, 7.18235211188526, 8.78584533796121, 8.44160720445964, 
9.32295451634532, 10.5748746913135, 10.5454466963266, 9.87560234904659, 
10.3934163505891, 9.79406323525484, 10.9251288000181, 10.1985796031629, 
9.74149789471409, 9.57519179719905, 8.58447793822183, 9.77849106236144, 
8.85580599253656, 8.49984355308112, 8.61141186665522, 7.26332961747684, 
7.03174125876313, 6.73221070646721, 6.81234509417748, 6.5366915975913, 
4.00733318523247, 3.87120101090789, 4.90527477843843, 4.14313472639153
)
epsilon <-
c(0.30125080165785, 0.107487949623066, 0.0247429786392868, 0.0283869554562308, 
0.0178996078256919, 0.0134738112208979, 0.0228963091447572, 0.0222761387064647, 
0.0264099224876819, 0.0277090118705665, 0.0196676597967897, 0.0131680782050871, 
NA, NA, 0.0111028963925133, 0.0193309068643917, 0.0171350476314611, 
0.0149914223912493, 0.00644798801209845, 0.0194297413653235, 
0.0198811495329938, 0.0211039874511147, 0.0261482079780047, 0.0345058796116993, 
0.0520544914388648, 0.0442016509125405, 0.0454623740767577, 0.0741079721537217
)
.RNG.seed <-
470841
.RNG.name <-
"base::Wichmann-Hill"
