muTT <-
c(-2.90762649537391, -1.17902084946998, 0.00886032245290033, 
-1.06713701001604, -1.13666197564519, -0.473690389414311, -0.0935675534774512
)
tauTT <-
0.52304343329978
r <-
structure(c(-4.66343909411207, -4.63472898822964, -4.64439089914137, 
-4.65396035015752, -4.65396035015752, -2.71336936257981, -1.20821379858319, 
-3.46354600672669, -1.20624295286048, -2.28238238567653, -0.300104592450338, 
-2.07944154167984, -2.07944154167984, -2.07944154167984, -4.65396035015752, 
-1.77382176854139, -4.66343909411207, -4.65396035015752, -4.66343909411207, 
-2.07944154167984, -2.07944154167984, -2.07944154167984, -4.65396035015752, 
-1.52388002407245, -4.63472898822964, -1.42551507427317, -0.444685821261446, 
-0.246860077931526, -0.447885823992116, -0.173630048675496, -0.683485269648208, 
-0.137869794223121, -0.896088024556636, -1.94591014905531, -1.94591014905531, 
-1.94591014905531, -0.550046336919272, -0.201579373398369, -4.65396035015752, 
-1.83098018238134, -4.65396035015752, -1.94591014905531, -1.94591014905531, 
-1.94591014905531, -0.732367893713227, -1.27815220250019, -1.96571277635149, 
-0.234281295724666, -0.518793793415168, -0.431782416425538, -0.527682740832414, 
-0.902191807494654, -0.147635998806064, -0.530628251062171, -0.371563556432483, 
-1.79175946922805, -1.79175946922805, -1.79175946922805, -0.382992252256106, 
-0.985816794522765, -0.0492710490067828, -0.27002713721306, -0.0492710490067828, 
-1.79175946922805, -1.79175946922805, -1.79175946922805, -3.98898404656427, 
-0.951657875711447, -0.428530381039161, -2.80336038090653, -0.307484699747961, 
-0.770108221696075, -1.02245092770255, -2.24618540453192, -1.6094379124341, 
-1.6094379124341, -1.6094379124341, -1.6094379124341, -1.6094379124341, 
-1.6094379124341, -0.336472236621214, -2.29075063534704, -1.6094379124341, 
-0.215111379616946, -1.6094379124341, -1.6094379124341, -1.6094379124341, 
-1.6094379124341, -3.97029191355212, -0.46373401623214, -0.76080582903376, 
-2.7408400239252, -1.38629436111989, -1.38629436111989, -0.576613364303994, 
-0.963174317773006, -1.38629436111989, -1.38629436111989, -1.38629436111989, 
-1.38629436111989, -1.38629436111989, -1.38629436111989, -1.38629436111989, 
-2.18406649275871, -1.38629436111989, -1.38629436111989, -1.38629436111989, 
-1.38629436111989, -1.38629436111989, -1.38629436111989, -0.0392207131532814, 
-0.165514438477574, -2.79028829933918, -0.148420005118274, -1.09861228866811, 
-1.09861228866811, -1.09861228866811, -1.65360913074724, -1.09861228866811, 
-1.09861228866811, -1.09861228866811, -1.09861228866811, -1.09861228866811, 
-1.09861228866811, -1.09861228866811, -2.06462645589469, -1.09861228866811, 
-1.09861228866811, -1.09861228866811, -1.09861228866811, -1.09861228866811, 
-1.09861228866811, -0.693147180559951, -0.693147180559951, -2.72691868540659, 
-0.693147180559948, -0.693147180559948, -0.693147180559947, -0.693147180559945, 
-1.441210118716, -0.693147180559948, -0.693147180559948, -0.693147180559948, 
-0.693147180559945, -0.693147180559945, -0.693147180559945, -0.693147180559948, 
-0.157003748809665, -0.693147180559951, -0.693147180559948, -0.693147180559951, 
-0.693147180559945, -0.693147180559945, -0.693147180559945), .Dim = c(22L, 
7L))
beta.logitP <-
c(-1.98922269029044, 0)
tauP <-
1.22069145652536
bU <-
c(`SplineDesign[tmp1, ]1` = -5.87863842668665, `SplineDesign[tmp1, ]2` = 8.21493167624957, 
`SplineDesign[tmp1, ]3` = 7.51085047915217, `SplineDesign[tmp1, ]4` = 9.46938522834815, 
`SplineDesign[tmp1, ]5` = 8.16555704732443, `SplineDesign[tmp1, ]6` = 7.53517275792468, 
`SplineDesign[tmp1, ]7` = 5.87743901428229, `SplineDesign[tmp1, ]8` = 3.70964640700027, 
`SplineDesign[tmp1, ]9` = 1.58501742793948, `SplineDesign[tmp1, ]10` = 4.20697845445449
)
tauU <-
0.0286234875553621
taueU <-
3.22795820869153
etaU <-
c(0.693147180559945, 5.66988092298052, 7.27170370688737, 6.92755790627832, 
7.80913539812054, 9.06079573469617, 9.03133331615006, 8.36147461641682, 
8.87933317478603, 8.27995071572253, 9.41099288545486, 8.68457030082437, 
9.36228862824824, 7.39203156751459, 7.07072410726028, 8.26436332973167, 
7.34213173058472, 6.98656645940643, 7.09754885061479, 5.74939298590825, 
5.51745289646471, 5.22035582507832, 5.29831736654804, 5.02388052084628, 
2.484906649788, 2.39789527279837, 3.40119738166216, 2.63905732961526
)
epsilon <-
c(1.71637199253936, 0.623272182201172, 0.117220200072964, 0.135488880356134, 
0.0841944104783163, 0.0627330655387013, 0.10856547144755, 0.105413946203814, 
0.126041504629379, 0.132448962361559, 0.0926156326950398, 0.0613602901309207, 
NA, NA, 0.051830908463784, 0.0908445441820387, 0.0807235398571757, 
0.070789489659445, 0.0297078093288157, 0.0904715421035975, 0.0926011580205213, 
0.0995788095767507, 0.122853431784848, 0.166308238344814, 0.189723547130251, 
0.252736659461519, 0.23572233352107, 0.361790044605502)
.RNG.seed <-
512140
.RNG.name <-
"base::Wichmann-Hill"
